b     | Case 1 (Sym) Case 2 (Mix) Case 3 (Asym) | Total Valid a
-----------------------------------------------------------------
1     | 131          869          0            | 1000
2     | 48           418          34           | 500
3     | 92           575          0            | 667
4     | 65           395          40           | 500
5     | 107          693          0            | 800
6     | 32           255          46           | 333
7     | 135          723          0            | 858
8     | 63           402          35           | 500
9     | 75           592          0            | 667
10    | 26           343          31           | 400
11    | 114          796          0            | 910
12    | 24           264          45           | 333
13    | 150          774          0            | 924
14    | 30           366          33           | 429
15    | 81           452          0            | 533
16    | 66           395          39           | 500
17    | 109          833          0            | 942
18    | 22           273          38           | 333
19    | 128          820          0            | 948
20    | 49           324          27           | 400
21    | 66           506          0            | 572
22    | 33           382          40           | 455
23    | 103          854          0            | 957
24    | 22           272          39           | 333
25    | 95           705          0            | 800
26    | 39           391          32           | 462
27    | 53           614          0            | 667
28    | 52           348          29           | 429
29    | 123          843          0            | 966
30    | 23           205          38           | 266
31    | 168          800          0            | 968
32    | 57           415          28           | 500
33    | 69           538          0            | 607
34    | 25           410          36           | 471
35    | 78           608          0            | 686
36    | 21           272          40           | 333
37    | 111          862          0            | 973
38    | 37           397          40           | 474
39    | 76           540          0            | 616
40    | 35           337          28           | 400
41    | 120          856          0            | 976
42    | 24           225          37           | 286
43    | 99           878          0            | 977
44    | 52           371          32           | 455
45    | 59           474          0            | 533
46    | 36           409          33           | 478
47    | 122          857          0            | 979
48    | 21           278          34           | 333
49    | 100          758          0            | 858
50    | 25           347          28           | 400
51    | 64           564          0            | 628
52    | 55           378          29           | 462
53    | 108          874          0            | 982
54    | 18           278          37           | 333
55    | 80           648          0            | 728
56    | 56           351          22           | 429
57    | 63           569          0            | 632
58    | 38           417          28           | 483
59    | 96           888          0            | 984
60    | 21           209          36           | 266
61    | 119          865          0            | 984
62    | 38           417          29           | 484
63    | 90           482          0            | 572
64    | 49           411          40           | 500
65    | 74           665          0            | 739
66    | 20           245          38           | 303
67    | 104          882          0            | 986
68    | 43           395          33           | 471
69    | 63           575          0            | 638
70    | 27           295          21           | 343
71    | 113          873          0            | 986
72    | 20           273          40           | 333
73    | 126          861          0            | 987
74    | 34           407          45           | 486
75    | 70           463          0            | 533
76    | 52           391          31           | 474
77    | 83           697          0            | 780
78    | 19           248          41           | 308
79    | 121          867          0            | 988
80    | 35           342          23           | 400
81    | 52           615          0            | 667
82    | 32           425          31           | 488
83    | 93           895          0            | 988
84    | 17           237          32           | 286
85    | 70           683          0            | 753
86    | 32           425          31           | 488
87    | 64           580          0            | 644
88    | 40           384          31           | 455
89    | 94           895          0            | 989
90    | 22           209          35           | 266
91    | 79           713          0            | 792
92    | 46           400          32           | 478
93    | 66           579          0            | 645
94    | 38           427          24           | 489
95    | 88           670          0            | 758
96    | 16           275          42           | 333
97    | 102          888          0            | 990
98    | 16           381          32           | 429
99    | 41           566          0            | 607
100   | 37           338          25           | 400
101   | 90           901          0            | 991
102   | 17           262          35           | 314
103   | 116          875          0            | 991
104   | 53           382          27           | 462
105   | 46           411          0            | 457
106   | 31           431          29           | 491
107   | 77           914          0            | 991
108   | 16           276          41           | 333
109   | 80           911          0            | 991
110   | 16           326          22           | 364
111   | 79           570          0            | 649
112   | 46           358          25           | 429
113   | 79           913          0            | 992
114   | 19           261          36           | 316
115   | 50           715          0            | 765
116   | 35           423          25           | 483
117   | 40           576          0            | 616
118   | 25           445          22           | 492
119   | 74           734          0            | 808
120   | 20           225          21           | 266
121   | 96           814          0            | 910
122   | 30           431          31           | 492
123   | 47           604          0            | 651
124   | 46           409          29           | 484
125   | 66           734          0            | 800
126   | 18           235          33           | 286
127   | 118          875          0            | 993
128   | 35           433          32           | 500
129   | 55           596          0            | 651
130   | 28           312          30           | 370
131   | 69           924          0            | 993
132   | 21           247          35           | 303
133   | 74           739          0            | 813
134   | 29           438          26           | 493
135   | 63           470          0            | 533
136   | 38           401          32           | 471
137   | 106          887          0            | 993
138   | 14           268          36           | 318
139   | 76           917          0            | 993
140   | 25           294          24           | 343
141   | 44           609          0            | 653
142   | 36           433          24           | 493
143   | 90           750          0            | 840
144   | 20           282          31           | 333
145   | 63           709          0            | 772
146   | 37           431          25           | 493
147   | 32           540          0            | 572
148   | 29           424          33           | 486
149   | 90           904          0            | 994
150   | 16           220          30           | 266
151   | 93           901          0            | 994
152   | 35           409          30           | 474
153   | 43           585          0            | 628
154   | 24           344          22           | 390
155   | 49           725          0            | 774
156   | 21           264          23           | 308
157   | 77           917          0            | 994
158   | 27           445          22           | 494
159   | 50           605          0            | 655
160   | 32           350          18           | 400
161   | 84           737          0            | 821
162   | 12           289          32           | 333
163   | 76           918          0            | 994
164   | 43           416          29           | 488
165   | 39           446          0            | 485
166   | 33           435          26           | 494
167   | 107          888          0            | 995
168   | 15           245          26           | 286
169   | 77           847          0            | 924
170   | 27           331          19           | 377
171   | 39           593          0            | 632
172   | 43           421          24           | 488
173   | 77           918          0            | 995
174   | 13           280          29           | 322
175   | 62           624          0            | 686
176   | 29           402          24           | 455
177   | 41           615          0            | 656
178   | 34           436          24           | 494
179   | 53           942          0            | 995
180   | 19           229          18           | 266
181   | 72           923          0            | 995
182   | 26           350          20           | 396
183   | 62           594          0            | 656
184   | 33           420          25           | 478
185   | 53           725          0            | 778
186   | 17           272          33           | 322
187   | 42           815          0            | 857
188   | 27           445          17           | 489
189   | 31           541          0            | 572
190   | 21           335          23           | 379
191   | 102          893          0            | 995
192   | 20           291          22           | 333
193   | 83           912          0            | 995
194   | 22           449          24           | 495
195   | 40           452          0            | 492
196   | 27           383          19           | 429
197   | 65           930          0            | 995
198   | 14           246          43           | 303
199   | 92           903          0            | 995
200   | 23           362          15           | 400
